

matrix = [
    [1, 2, 3, 4],
    [5, 6, 7, 8],
    [9, 10, 11, 12],
]

[[row[i] for row in matrix] for i in range(4)]
[[1, 5, 9], [2, 6, 10], [3, 7, 11], [4, 8, 12]]

transposed = []
for i in range(4):
    transposed.append([row[i] for row in matrix])

transposed
[[1, 5, 9], [2, 6, 10], [3, 7, 11], [4, 8, 12]]

transposed = []
for i in range(4):
    # the following 3 lines implement the nested listcomp
    transposed_row = []
    for row in matrix:
        transposed_row.append(row[i])
    transposed.append(transposed_row)

transposed
[[1, 5, 9], [2, 6, 10], [3, 7, 11], [4, 8, 12]]

list(zip(*matrix))
[(1, 5, 9), (2, 6, 10), (3, 7, 11), (4, 8, 12)]


a = [-1, 1, 66.25, 333, 333, 1234.5]
del a[0]
a
[1, 66.25, 333, 333, 1234.5]
del a[2:4]
a
[1, 66.25, 1234.5]
del a[:]
a
[]

del a


